sb shoves with 88+, ATs+, AQo+, and some other suited aces
bb calls with TT-JJ+, AK
sb goes back and forth with shoving suited aces and middle pocket pairs
bb goes back and forth with calling TT

sb_possible_mutations: 18
A5, 4, 0.0077
A7, 4, 0.0055
A2, 4, 0.0041
A5, 3, 0.0038
A7, 3, 0.0037
99, 4, 0.0033
A2, 3, 0.0031
99, 3, 0.0022
A2, 2, 0.0021
A7, 2, 0.0018
A3, 4, 0.0015
99, 2, 0.0011
A2, 1, 0.001
A3, 3, 0.0007
55, 3, 0.0002
55, 4, 0.0002
55, 1, 0.0001
55, 2, 0.0001
mutation: A5 --> 4
bb_possible_mutations: 4
TT, 4, 0.0012
TT, 3, 0.0009
TT, 2, 0.0006
TT, 1, 0.0003
mutation: TT --> 4
iteration: 352
time: 46.56212401390076
fitness: -8.9762
sb_optimal: False
sb_genome:
[4, 4, 4, 4, 4, 0, 0, 1, 0, 4, 4, 2, 0]
[4, 4, 4, 0, 0, 0, 0, 0, 0, 0, 0, 0, 0]
[4, 0, 4, 0, 0, 0, 0, 0, 0, 0, 0, 0, 0]
[0, 0, 0, 4, 0, 0, 0, 0, 0, 0, 0, 0, 0]
[0, 0, 0, 0, 4, 0, 0, 0, 0, 0, 0, 0, 0]
[0, 0, 0, 0, 0, 1, 0, 0, 0, 0, 0, 0, 0]
[0, 0, 0, 0, 0, 0, 4, 0, 0, 0, 0, 0, 0]
[0, 0, 0, 0, 0, 0, 0, 0, 0, 0, 0, 0, 0]
[0, 0, 0, 0, 0, 0, 0, 0, 0, 0, 0, 0, 0]
[0, 0, 0, 0, 0, 0, 0, 0, 0, 0, 0, 0, 0]
[0, 0, 0, 0, 0, 0, 0, 0, 0, 0, 0, 0, 0]
[0, 0, 0, 0, 0, 0, 0, 0, 0, 0, 0, 0, 0]
[0, 0, 0, 0, 0, 0, 0, 0, 0, 0, 0, 0, 0]
bb_optimal: False
bb_genome:
[4, 4, 0, 0, 0, 0, 0, 0, 0, 0, 0, 0, 0]
[4, 4, 0, 0, 0, 0, 0, 0, 0, 0, 0, 0, 0]
[0, 0, 4, 0, 0, 0, 0, 0, 0, 0, 0, 0, 0]
[0, 0, 0, 4, 0, 0, 0, 0, 0, 0, 0, 0, 0]
[0, 0, 0, 0, 4, 0, 0, 0, 0, 0, 0, 0, 0]
[0, 0, 0, 0, 0, 0, 0, 0, 0, 0, 0, 0, 0]
[0, 0, 0, 0, 0, 0, 0, 0, 0, 0, 0, 0, 0]
[0, 0, 0, 0, 0, 0, 0, 0, 0, 0, 0, 0, 0]
[0, 0, 0, 0, 0, 0, 0, 0, 0, 0, 0, 0, 0]
[0, 0, 0, 0, 0, 0, 0, 0, 0, 0, 0, 0, 0]
[0, 0, 0, 0, 0, 0, 0, 0, 0, 0, 0, 0, 0]
[0, 0, 0, 0, 0, 0, 0, 0, 0, 0, 0, 0, 0]
[0, 0, 0, 0, 0, 0, 0, 0, 0, 0, 0, 0, 0]
