sb_possible_mutations: OPTIMAL
bb_possible_mutations: OPTIMAL
iteration: 124
time: 11.68380069732666
fitness: -4.5525
sb_optimal: True
sb_genome:
[1, 1, 1, 1, 1, 1, 1, 1, 1, 1, 1, 1, 1]
[1, 1, 1, 1, 1, 1, 1, 1, 1, 1, 1, 1, 1]
[1, 1, 1, 1, 1, 1, 1, 1, 1, 1, 1, 1, 1]
[1, 1, 1, 1, 1, 1, 1, 1, 1, 1, 1, 1, 0]
[1, 1, 1, 1, 1, 1, 1, 1, 1, 1, 1, 0, 0]
[1, 1, 1, 1, 1, 1, 1, 1, 1, 1, 0, 0, 0]
[1, 1, 1, 1, 1, 1, 1, 1, 1, 1, 1, 0, 0]
[1, 1, 1, 0, 0, 1, 1, 1, 1, 1, 1, 0, 0]
[1, 1, 0, 0, 0, 0, 0, 1, 1, 1, 1, 0, 0]
[1, 1, 0, 0, 0, 0, 0, 0, 0, 1, 1, 1, 0]
[1, 1, 0, 0, 0, 0, 0, 0, 0, 0, 1, 1, 0]
[1, 1, 0, 0, 0, 0, 0, 0, 0, 0, 0, 1, 0]
[1, 1, 0, 0, 0, 0, 0, 0, 0, 0, 0, 0, 1]
bb_optimal: True
bb_genome:
[1, 1, 1, 1, 1, 1, 1, 1, 1, 1, 1, 1, 1]
[1, 1, 1, 1, 1, 1, 1, 1, 1, 1, 1, 1, 1]
[1, 1, 1, 1, 1, 1, 1, 1, 1, 0, 0, 0, 0]
[1, 1, 1, 1, 1, 1, 1, 0, 0, 0, 0, 0, 0]
[1, 1, 1, 1, 1, 1, 0, 0, 0, 0, 0, 0, 0]
[1, 1, 1, 0, 0, 1, 0, 0, 0, 0, 0, 0, 0]
[1, 1, 0, 0, 0, 0, 1, 0, 0, 0, 0, 0, 0]
[1, 1, 0, 0, 0, 0, 0, 1, 0, 0, 0, 0, 0]
[1, 1, 0, 0, 0, 0, 0, 0, 1, 0, 0, 0, 0]
[1, 1, 0, 0, 0, 0, 0, 0, 0, 1, 0, 0, 0]
[1, 0, 0, 0, 0, 0, 0, 0, 0, 0, 1, 0, 0]
[1, 0, 0, 0, 0, 0, 0, 0, 0, 0, 0, 1, 0]
[1, 0, 0, 0, 0, 0, 0, 0, 0, 0, 0, 0, 1]
total_time: 1653.5658102035522
