sb shoves with QQ+, AQs+, AKo, and some suited aces as bluffs
bb calls with KK+ and sometimes with AK and QQ to defend enough against bluffs

sb_possible_mutations: 38
A5, 4, 0.0429
QQ, 0, 0.0364
A2, 4, 0.0339
AJ, 4, 0.0338
A4, 4, 0.0324
A5, 3, 0.0322
A8, 4, 0.0286
AT, 4, 0.028
QQ, 1, 0.0273
A3, 4, 0.0264
AJ, 3, 0.0254
A2, 3, 0.0254
A6, 4, 0.0241
A9, 4, 0.0217
A4, 3, 0.0216
A8, 3, 0.0215
A5, 2, 0.0215
AQ, 4, 0.019
AT, 3, 0.0187
QQ, 2, 0.0182
A6, 3, 0.0181
A3, 3, 0.0176
A2, 2, 0.017
AJ, 2, 0.0169
A9, 3, 0.0145
A8, 2, 0.0143
A6, 2, 0.0121
A5, 1, 0.0108
A4, 2, 0.0108
AQ, 3, 0.0095
AT, 2, 0.0094
QQ, 3, 0.0091
A3, 2, 0.0088
AJ, 1, 0.0085
A2, 1, 0.0085
A9, 2, 0.0072
A8, 1, 0.0072
A6, 1, 0.0061
mutation: AQ --> 4
bb_possible_mutations: 1
QQ, 0, 0.0416
mutation: QQ --> 0
iteration: 179
time: 44.11799073219299
fitness: -10.5744
sb_optimal: False
sb_genome:
[4, 4, 4, 0, 1, 1, 0, 4, 0, 0, 1, 1, 0]
[4, 4, 0, 0, 0, 0, 0, 0, 0, 0, 0, 0, 0]
[0, 0, 4, 0, 0, 0, 0, 0, 0, 0, 0, 0, 0]
[0, 0, 0, 0, 0, 0, 0, 0, 0, 0, 0, 0, 0]
[0, 0, 0, 0, 0, 0, 0, 0, 0, 0, 0, 0, 0]
[0, 0, 0, 0, 0, 0, 0, 0, 0, 0, 0, 0, 0]
[0, 0, 0, 0, 0, 0, 0, 0, 0, 0, 0, 0, 0]
[0, 0, 0, 0, 0, 0, 0, 0, 0, 0, 0, 0, 0]
[0, 0, 0, 0, 0, 0, 0, 0, 0, 0, 0, 0, 0]
[0, 0, 0, 0, 0, 0, 0, 0, 0, 0, 0, 0, 0]
[0, 0, 0, 0, 0, 0, 0, 0, 0, 0, 0, 0, 0]
[0, 0, 0, 0, 0, 0, 0, 0, 0, 0, 0, 0, 0]
[0, 0, 0, 0, 0, 0, 0, 0, 0, 0, 0, 0, 0]
bb_optimal: False
bb_genome:
[4, 4, 0, 0, 0, 0, 0, 0, 0, 0, 0, 0, 0]
[0, 4, 0, 0, 0, 0, 0, 0, 0, 0, 0, 0, 0]
[0, 0, 0, 0, 0, 0, 0, 0, 0, 0, 0, 0, 0]
[0, 0, 0, 0, 0, 0, 0, 0, 0, 0, 0, 0, 0]
[0, 0, 0, 0, 0, 0, 0, 0, 0, 0, 0, 0, 0]
[0, 0, 0, 0, 0, 0, 0, 0, 0, 0, 0, 0, 0]
[0, 0, 0, 0, 0, 0, 0, 0, 0, 0, 0, 0, 0]
[0, 0, 0, 0, 0, 0, 0, 0, 0, 0, 0, 0, 0]
[0, 0, 0, 0, 0, 0, 0, 0, 0, 0, 0, 0, 0]
[0, 0, 0, 0, 0, 0, 0, 0, 0, 0, 0, 0, 0]
[0, 0, 0, 0, 0, 0, 0, 0, 0, 0, 0, 0, 0]
[0, 0, 0, 0, 0, 0, 0, 0, 0, 0, 0, 0, 0]
[0, 0, 0, 0, 0, 0, 0, 0, 0, 0, 0, 0, 0]
