iteration: 92
time: 69.10893630981445
my_fitness: -706.75
my_limit: True
my_genome:
[1, 1, 1, 1, 1, 1, 1, 1, 1, 1, 1, 1, 1] - [1, 1, 1, 1, 1, 1, 1, 1, 1, 1, 1, 1, 1]
[1, 1, 1, 1, 1, 1, 1, 1, 1, 1, 1, 1, 1] - [1, 1, 1, 1, 1, 1, 1, 1, 1, 1, 1, 1, 1]
[1, 1, 1, 1, 1, 1, 1, 1, 1, 1, 1, 1, 1] - [1, 1, 1, 1, 1, 1, 1, 1, 1, 1, 1, 1, 1]
[1, 1, 1, 1, 1, 1, 1, 1, 1, 1, 1, 1, 1] - [1, 1, 1, 1, 1, 1, 1, 1, 1, 1, 1, 1, 1]
[1, 1, 1, 1, 1, 1, 1, 1, 1, 1, 1, 1, 1] - [1, 1, 1, 1, 1, 1, 1, 1, 1, 1, 1, 1, 1]
[1, 1, 1, 1, 1, 1, 1, 1, 1, 1, 1, 1, 0] - [1, 1, 1, 1, 1, 1, 1, 1, 1, 1, 1, 1, 0]
[1, 1, 1, 1, 1, 1, 1, 1, 1, 1, 1, 0, 0] - [1, 1, 1, 1, 1, 1, 1, 1, 1, 1, 1, 0, 0]
[1, 1, 1, 1, 1, 1, 1, 1, 1, 1, 1, 0, 0] - [1, 1, 1, 1, 1, 1, 1, 1, 1, 1, 1, 0, 0]
[1, 1, 1, 1, 1, 1, 1, 1, 1, 1, 1, 0, 0] - [1, 1, 1, 1, 1, 1, 1, 1, 1, 1, 1, 0, 0]
[1, 1, 1, 1, 1, 0, 0, 0, 0, 1, 1, 0, 0] - [1, 1, 1, 1, 1, 0, 0, 0, 0, 1, 1, 1, 0]
[1, 1, 1, 1, 0, 0, 0, 0, 0, 0, 1, 0, 0] - [1, 1, 1, 1, 0, 0, 0, 0, 0, 0, 1, 0, 0]
[1, 1, 1, 1, 0, 0, 0, 0, 0, 0, 0, 1, 0] - [1, 1, 1, 1, 0, 0, 0, 0, 0, 0, 0, 1, 0]
[1, 1, 1, 1, 0, 0, 0, 0, 0, 0, 0, 0, 1] - [1, 1, 1, 1, 0, 0, 0, 0, 0, 0, 0, 0, 1]
op_fitness: -706.75
op_limit: True
op_genome:
[1, 1, 1, 1, 1, 1, 1, 1, 1, 1, 1, 1, 1] - [1, 1, 1, 1, 1, 1, 1, 1, 1, 1, 1, 1, 1]
[1, 1, 1, 1, 1, 1, 1, 1, 1, 1, 1, 1, 1] - [1, 1, 1, 1, 1, 1, 1, 1, 1, 1, 1, 1, 1]
[1, 1, 1, 1, 1, 1, 1, 1, 1, 1, 1, 1, 1] - [1, 1, 1, 1, 1, 1, 1, 1, 1, 1, 1, 1, 1]
[1, 1, 1, 1, 1, 1, 1, 1, 1, 1, 1, 1, 1] - [1, 1, 1, 1, 1, 1, 1, 1, 1, 1, 1, 1, 1]
[1, 1, 1, 1, 1, 1, 1, 1, 1, 1, 1, 1, 1] - [1, 1, 1, 1, 1, 1, 1, 1, 1, 1, 1, 1, 1]
[1, 1, 1, 1, 1, 1, 1, 1, 1, 1, 1, 1, 0] - [1, 1, 1, 1, 1, 1, 1, 1, 1, 1, 1, 1, 0]
[1, 1, 1, 1, 1, 1, 1, 1, 1, 1, 1, 0, 0] - [1, 1, 1, 1, 1, 1, 1, 1, 1, 1, 1, 0, 0]
[1, 1, 1, 1, 1, 1, 1, 1, 1, 1, 1, 0, 0] - [1, 1, 1, 1, 1, 1, 1, 1, 1, 1, 1, 0, 0]
[1, 1, 1, 1, 1, 1, 1, 1, 1, 1, 1, 0, 0] - [1, 1, 1, 1, 1, 1, 1, 1, 1, 1, 1, 0, 0]
[1, 1, 1, 1, 1, 0, 0, 0, 0, 1, 1, 0, 0] - [1, 1, 1, 1, 1, 0, 0, 0, 0, 1, 1, 1, 0]
[1, 1, 1, 1, 0, 0, 0, 0, 0, 0, 1, 0, 0] - [1, 1, 1, 1, 0, 0, 0, 0, 0, 0, 1, 0, 0]
[1, 1, 1, 1, 0, 0, 0, 0, 0, 0, 0, 1, 0] - [1, 1, 1, 1, 0, 0, 0, 0, 0, 0, 0, 1, 0]
[1, 1, 1, 1, 0, 0, 0, 0, 0, 0, 0, 0, 1] - [1, 1, 1, 1, 0, 0, 0, 0, 0, 0, 0, 0, 1]
