sb_possible_mutations: 2
TQ, 0, 0.004
K8, 1, 0.0017
mutation: K8 --> 1
bb_possible_mutations: 1
JA, 2, 0.0411
mutation: JA --> 2
iteration: 104
time: 30.84392809867859
fitness: -18.8106
sb_optimal: False
sb_genome:
[2, 2, 1, 1, 1, 1, 1, 1, 1, 1, 1, 1, 1]
[2, 2, 1, 1, 1, 1, 1, 0, 0, 0, 0, 0, 0]
[1, 1, 2, 1, 1, 1, 0, 0, 0, 0, 0, 0, 0]
[1, 1, 1, 2, 1, 1, 0, 0, 0, 0, 0, 0, 0]
[1, 1, 1, 0, 2, 1, 0, 0, 0, 0, 0, 0, 0]
[0, 0, 0, 0, 0, 1, 0, 0, 0, 0, 0, 0, 0]
[0, 0, 0, 0, 0, 0, 1, 0, 0, 0, 0, 0, 0]
[0, 0, 0, 0, 0, 0, 0, 1, 0, 0, 0, 0, 0]
[0, 0, 0, 0, 0, 0, 0, 0, 1, 0, 0, 0, 0]
[0, 0, 0, 0, 0, 0, 0, 0, 0, 1, 0, 0, 0]
[0, 0, 0, 0, 0, 0, 0, 0, 0, 0, 1, 0, 0]
[0, 0, 0, 0, 0, 0, 0, 0, 0, 0, 0, 1, 0]
[0, 0, 0, 0, 0, 0, 0, 0, 0, 0, 0, 0, 1]
bb_optimal: False
bb_genome:
[2, 2, 2, 2, 2, 0, 0, 0, 0, 0, 0, 0, 0]
[2, 2, 0, 0, 0, 0, 0, 0, 0, 0, 0, 0, 0]
[2, 0, 2, 0, 0, 0, 0, 0, 0, 0, 0, 0, 0]
[2, 0, 0, 2, 0, 0, 0, 0, 0, 0, 0, 0, 0]
[0, 0, 0, 0, 2, 0, 0, 0, 0, 0, 0, 0, 0]
[0, 0, 0, 0, 0, 2, 0, 0, 0, 0, 0, 0, 0]
[0, 0, 0, 0, 0, 0, 2, 0, 0, 0, 0, 0, 0]
[0, 0, 0, 0, 0, 0, 0, 0, 0, 0, 0, 0, 0]
[0, 0, 0, 0, 0, 0, 0, 0, 0, 0, 0, 0, 0]
[0, 0, 0, 0, 0, 0, 0, 0, 0, 0, 0, 0, 0]
[0, 0, 0, 0, 0, 0, 0, 0, 0, 0, 0, 0, 0]
[0, 0, 0, 0, 0, 0, 0, 0, 0, 0, 0, 0, 0]
[0, 0, 0, 0, 0, 0, 0, 0, 0, 0, 0, 0, 0]

THIS IS WRONG
